00000000
38722988
82781454
59403743
44638907
98780967
49574592
16391022
41194344
61259182
18852291
74660642
59894312
55978326
18633092
61031588
64519942
64076854
03955668
27818400
53980520
85287223
36675415
55165943
73337952
55485482
77917774
93044524
44464223
47612067
61354674
80435972
28028209
89444567
46377727
36161813
98121011
74842432
48661783
73188711
47291014
73841435
27722120
12375753
27468809
74299000
92612890
29464047
13871941
08042633
08496979
69978721
43749352
76138254
37850123
17175469
43016024
50045678
97092092
27842768
59998749
42290219
80163881
33623773
86020916
16712626
13976152
13282181
34741228
43562814
82373558
66902388
66877176
11193349
94089715
28642424
76964256
20835790
14662429
22940870
62640169
26131740
87000813
95982036
72296470
84119775
03791530
92506522
41604198
88887097
31536464
39498019
74103175
48784005
78366575
58317418
02888197
34427952
28157286
20057357
92336371
28040350
88975480
51792949
44820745
47246065
71624658
64306846
40633112
67689538
30369466
66269189
69317803
72595996
98911702
42209018
92023519
39954925
19410960
80675618
71201781
40221313
21102539
65321704
00236410
57345448
82274298
19128414
83586492
69860491
03346822
17622476
77123617
15082204
89126990
81899073
58927937
93760537
36221254
23764483
74471278
51487479
37588836
59499595
53948963
38447307
23563774
56503834
82941393
72497330
89883333
31311426
64014774
96237645
68350787
13180958
45620103
93593952
57623002
70908118
17131225
17594886
63965404
95707171
27922132
63496774
69485343
38909880
16810613
78543834
11967141
44491643
49344778
01088296
31770065
64620426
34118172
60659383
60237083
53755071
98651351
48619388
47333734
03894967
35138443
52307134
26931110
48274855
58190883
33713383
32275701
14502757
41909360
13067197
63226566
16933567
94095941
71799263
17227238
27137576
26114695
